	SRM (fmole/ug) - average of peptides_idp1_citric acid	SRM (fmole/ug) - average of peptides_idp1_glucose	SRM (fmole/ug) - average of peptides_idp1_malic acid	SRM (fmole/ug) - average of peptides_mae1_citric acid	SRM (fmole/ug) - average of peptides_mae1_glucose	SRM (fmole/ug) - average of peptides_mae1_malic acid	SRM (fmole/ug) - average of peptides_wild-type_citric acid	SRM (fmole/ug) - average of peptides_wild-type_glucose	SRM (fmole/ug) - average of peptides_wild-type_malic acid	SRM (fmole/ug) - average of peptides_zwf1_citric acid	SRM (fmole/ug) - average of peptides_zwf1_glucose	SRM (fmole/ug) - average of peptides_zwf1_malic acid	$\sigma$_idp1_citric acid	$\sigma$_idp1_glucose	$\sigma$_idp1_malic acid	$\sigma$_mae1_citric acid	$\sigma$_mae1_glucose	$\sigma$_mae1_malic acid	$\sigma$_wild-type_citric acid	$\sigma$_wild-type_glucose	$\sigma$_wild-type_malic acid	$\sigma$_zwf1_citric acid	$\sigma$_zwf1_glucose	$\sigma$_zwf1_malic acid
YALI0A14784g	2.651666666666667	7.326666666666667	8.993333333333334	2.8699999999999997	5.096666666666667	3.5116666666666667	2.9483333333333337	5.368333333333333	3.84	2.535	4.483333333333333	8.725	0.2996803852996279	0.5696563291435748	0.9321793461203325	0.8520123238545321	0.19775826994928242	0.3366130320313421	0.352751092604025	1.1226345502136186	0.3850973902793943	0.15787653403846968	0.41741266551619327	0.5242375415782433
YALI0A15972g	1.3066666666666669	2.485	0.5316666666666667	14.203333333333333	1.7216666666666667	0.15166666666666664	8.813333333333333	4.843333333333333	0.86	0.445	0.10166666666666667	0.07333333333333333	0.7079959981054507	1.284435673749371	0.17105067475263974	16.90729453027105	0.7379080791896327	0.048562674281111544	4.8377534386668914	4.935018574770853	0.441955880150949	0.2165640782770771	0.020816659994661334	0.020207259421636904
YALI0A21263g	0.5083333333333333	1.0283333333333333	1.6983333333333333	0.68	0.6566666666666667	0.525	0.4383333333333333	0.4566666666666666	0.47500000000000003	0.355	0.7316666666666666	1.3183333333333334	0.11405408073950417	0.08311638426527788	0.5814708361846993	0.030413812651491057	0.1371434771811381	0.09539392014169451	0.028867513459481246	0.05484827557301449	0.16255768207008864	0.05196152422706631	0.07320063751999233	0.20349037651283003
YALI0B02728g	29.82166666666667	47.220000000000006	54.37166666666666	34.855	50.546666666666674	20.138333333333332	35.08166666666666	52.31666666666666	32.800000000000004	37.663333333333334	59.47833333333333	76.43666666666667	2.316059872570942	3.7994966771929124	4.480539402051204	14.930906703881044	9.702953588126315	1.7376013159909058	4.40824322529206	11.129784738858763	1.527506137467213	7.204565103691782	5.797672665245359	0.9045625093565035
YALI0B05478g	0.5388888888888889	0.5577777777777778	0.6233333333333334	0.8611111111111112	1.0444444444444443	1.4411111111111108	1.1222222222222225	1.2433333333333334	1.222222222222222	0.73	0.611111111111111	0.6533333333333333	0.15536098943118581	0.25038488890624483	0.28448784391135834	0.38647025662948403	0.31371135589075316	0.125491625808849	0.32723306905244387	0.47875997233594103	0.4312041709411414	0.2281081614790082	0.2661314072519925	0.2053722906766582
YALI0B06941g	9.995	17.711666666666666	29.036666666666665	9.026666666666666	16.163333333333334	12.186666666666667	8.303333333333333	17.981666666666666	17.74833333333333	7.301666666666667	17.96166666666667	15.981666666666667	0.19313207915827899	3.1556391323047897	4.5058637721677	1.7397293850864648	4.141775987826159	1.0560105744420047	0.5762450289011904	1.677202531995863	3.471751479200856	0.31758201040571116	1.2500533321956049	1.4332160804754228
YALI0B08536g	14.756666666666668	48.60833333333334	37.65	25.215000000000003	61.876666666666665	22.073333333333334	23.17	75.05166666666666	42.47666666666667	41.44166666666667	75.1	88.59666666666668	0.7553531183051607	7.118852318550609	3.4874740142401053	4.030238826670204	8.777551385969398	1.208152860085733	2.749095305732417	0.5785830392720869	8.73754303756687	5.064243115543857	17.42033581765862	3.0169700584084946
YALI0B14377p	76.06166666666668	174.81000000000003	110.89666666666669	76.94166666666666	167.155	36.294999999999995	89.07666666666667	177.07333333333335	86.47666666666667	79.93833333333335	124.73666666666664	97.93166666666667	6.366546028525468	21.952295438062958	8.743975545101513	6.608086586398005	11.331777221601216	4.50006944390862	8.88185979023162	33.213525231949305	13.121956154984412	15.726903965286159	13.521858538430791	2.266502445031405
YALI0B14927g	0.5866666666666668	1.2533333333333332	0.4483333333333333	1.805	0.9133333333333332	0.055	1.2066666666666668	1.4033333333333333	0.9049999999999999	0.3333333333333333	0.2866666666666667	0.11333333333333333	0.098784276751583	0.2507156423786384	0.10103629710818446	0.9628603221651622	0.12553220038433707	0.01	0.3375771516754849	0.2964090641888898	0.364039832985348	0.09251126057585282	0.06714412359494563	0.051316014394468853
YALI0B15059g	0.5499999999999999	1.3533333333333335	1.2666666666666666	2.1533333333333333	1.7233333333333334	0.19166666666666668	0.6233333333333333	2.4566666666666666	0.6866666666666666	0.5616666666666666	1.1733333333333336	1.255	0.1430908802125418	0.20428737928059412	0.23099422792211355	2.6956276325437334	0.303740569126571	0.017559422921421233	0.08326663997864527	0.19655363983740776	0.24006943440041117	0.0768656837173347	0.09827681991870384	0.06264982043070834
YALI0B15598g	188.5583333333333	359.54833333333335	412.0916666666667	165.64	198.47833333333332	148.29166666666666	122.26499999999999	234.5583333333333	157.525	162.1	416.7633333333333	507.1016666666667	10.14635689956417	49.79653836697218	47.60102134758594	24.938826656440774	31.268892822313564	2.7298366862018235	10.377840574994401	26.643984468043303	20.321320700190736	7.334376251597671	59.09918280596891	31.953615731765584
YALI0B19382g	5.868333333333333	8.39	11.548333333333332	10.048333333333334	9.043333333333333	6.873333333333334	5.416666666666667	7.701666666666665	6.173333333333333	6.778333333333333	4.538333333333333	8.590000000000002	0.2891510562549154	0.45997282528427663	1.9107350243645334	4.00794315495284	0.9601605768481305	0.22892866428940986	0.7351417096950315	1.452457687278129	1.1817183815670012	1.401181049448405	0.9586492232998128	0.9317054255503715
YALI0B19998g	14.136666666666665	10.731666666666667	27.78333333333333	17.21333333333333	8.003333333333332	6.131666666666667	12.334999999999999	6.0633333333333335	14.01	5.053333333333333	1.8283333333333334	8.79	1.283591965280765	0.7464806315862024	5.380130884405449	4.172829775264423	0.9868679411822702	0.9205478441305117	1.0639196398224826	1.185499191620701	4.02258623276121	0.8338515055651902	0.5821153952038493	0.5129571132170795
YALI0B22308g	0.4266666666666667	0.9866666666666667	1.0133333333333334	0.5933333333333334	0.9800000000000001	0.47	0.5533333333333333	1.3500000000000003	0.5766666666666667	0.4183333333333333	1.2133333333333334	0.8666666666666667	0.05619905100029121	0.16357974609753287	0.14571661996262933	0.04907477288111817	0.1475635456337371	0.008660254037844393	0.060069404303133664	0.11715374513859982	0.041633319989322654	0.059651767227244266	0.2429163093193484	0.04645786621588789
YALI0C05665g	56.28166666666667	97.135	96.51833333333333	94.11333333333333	96.44833333333332	66.45333333333333	78.27833333333334	118.20666666666666	84.20833333333334	79.57666666666667	122.71166666666666	84.355	11.933120226216335	11.13317115650343	7.170873958823513	16.846370776322516	13.680281734428327	5.32682441360079	8.31899833713972	5.8825256763853835	8.26580657488024	7.341985993812125	15.038797602645426	7.926495127103784
YALI0C06369g	159.10833333333335	319.2	87.22666666666667	632.505	277.34	4.998333333333333	340.2366666666667	371.8533333333333	138.94	69.90833333333335	48.848333333333336	11.231666666666667	36.972510508935336	62.98865215259017	31.528283466331203	488.3000947419527	55.318702081664924	1.081923441530561	70.1069651199746	143.76955174282674	61.37334600622651	21.654716768716543	14.707024115480792	9.127882193221676
YALI0C06446g	30.820000000000004	107.32499999999999	76.11833333333333	27.373333333333335	46.84666666666667	42.61833333333333	22.25166666666667	57.25	44.75833333333333	22.536666666666665	58.06333333333333	69.07499999999999	0.9363893421008151	19.266280777565758	7.278472252700668	3.435641618873151	13.59169814016385	0.7927221034721658	3.070587620201273	13.195450920677175	3.053360170915535	0.6841296173484468	12.28332440072041	11.491541454478593
YALI0C06776g	26.165000000000003	29.866666666666664	62.038333333333334	36.10166666666667	31.19666666666667	27.496666666666666	32.86333333333334	31.60166666666667	36.745	22.515	18.2	39.255	2.9134129470433794	2.6662254843379856	7.658894067248436	4.010814547362333	6.6635769923767905	0.8635151031298377	1.8355539581644917	2.1264544042450924	7.751212808328769	1.6047741274085896	3.961764127254424	4.639700960191297
YALI0C07821g	0.04888888888888889	0.1411111111111111	0.06666666666666667	0.0688888888888889	0.03888888888888888	0.27444444444444444	0.058888888888888886	0.044444444444444446	0.10555555555555556	0.05777777777777778	0.08777777777777779	0.0788888888888889	0.006938886664887109	0.0019245008972987368	0.023333333333333338	0.023648662948658625	0.029876288132774993	0.018358568490953672	0.005091750772173158	0.015030832509409647	0.022689530951846816	0.01018350154434631	0.006938886664887113	0.02341256389522829
YALI0C11407g	20.678333333333335	38.36166666666667	38.163333333333334	26.080000000000002	59.61833333333333	19.841666666666665	22.868333333333336	72.98833333333333	30.243333333333336	24.62	22.045	28.12	0.5901129835322492	4.250365670543338	3.8036309407371975	1.722853737262684	10.903112323246667	0.7801495583113104	2.0627792740216595	7.051333798178426	2.259614642662183	3.60252342115912	4.400306807485132	3.1965176364287413
YALI0C11880g	0.22666666666666666	0.7111111111111111	0.30888888888888894	0.9088888888888889	0.41111111111111115	0.24	0.668888888888889	0.861111111111111	0.31888888888888883	0.24666666666666667	0.6733333333333333	0.49444444444444446	0.011547005383792512	0.08694400070884277	0.05231669940886025	0.6742924961545771	0.028738927014172355	0.04910306620885412	0.1868253293954107	0.36194433785280256	0.06379945431091376	0.08110350040397625	0.1888856208867625	0.012619796324000556
YALI0C14740p	0.5322222222222223	0.5944444444444444	0.5733333333333334	0.73	0.3955555555555556	0.29555555555555557	0.7288888888888888	0.4255555555555555	0.4833333333333334	0.46222222222222226	0.4977777777777777	0.41888888888888887	0.10029585863463786	0.15207210765267223	0.058594652770823076	0.2251666049839541	0.18682532939541066	0.048572206654209776	0.1400529000585665	0.059659527816261396	0.15191371820141122	0.021169509870286318	0.11042007332270971	0.2317645676431469
YALI0C14784g	1.4188888888888889	3.282222222222222	1.303333333333333	2.0811111111111114	2.031111111111111	1.1644444444444444	1.9255555555555555	2.3033333333333332	2.0211111111111113	2.3444444444444446	2.7944444444444443	1.662222222222222	0.31433056438040474	0.2111958894100542	0.36671211839504	0.166210486810929	0.2529456097296046	0.3466880335295591	0.5876916551062142	0.6055942903003999	0.4016678192698999	0.6226318096358154	0.6567371648564619	0.41207244958102146
YALI0C16885g	392.715	320.32666666666665	682.8616666666667	310.7283333333333	151.75333333333333	65.355	260.92	136.22333333333333	175.16166666666666	223.33833333333334	61.754999999999995	155.08833333333334	37.73040915495081	43.80867532045831	105.81874707882976	64.08817565146737	74.77041967471717	7.810460933901406	29.332085248069195	14.914897194863045	60.05107416469195	67.76854918273915	17.353632904956815	7.053625545301751
YALI0C16995g	438.86833333333334	53.57	682.9133333333333	813.9416666666666	39.82333333333333	488.51666666666665	647.6550000000001	35.205000000000005	508.32666666666665	140.9466666666667	20.261666666666663	224.54999999999998	54.99103525424248	5.346758363719085	85.27088839887462	151.66411295469123	16.204425578629234	43.86066470464547	83.15123255250036	4.951373546804966	167.3355785788944	3.322312196849261	5.295682990260399	11.272651640142195
YALI0C19085g	0.33888888888888885	0.958888888888889	0.12111111111111111	1.5166666666666666	1.0066666666666666	0.04666666666666667	1.0755555555555556	1.75	0.22999999999999998	0.28111111111111114	0.06444444444444444	0.06777777777777778	0.13267894973847094	0.4324906335958597	0.045256470787591783	1.6147480023555103	0.5538050198400154	0.008819171036881963	0.3767895571408136	1.4749613930917345	0.06984108946585654	0.19276737083661036	0.026943012562182535	0.03150543750835071
YALI0C19151g	0.28750000000000003	0.4258333333333333	0.6258333333333334	0.45083333333333336	0.4133333333333333	0.2725	0.19583333333333333	0.40416666666666673	0.5408333333333334	0.23333333333333336	0.6591666666666668	0.5566666666666666	0.1322875655532295	0.08036375634160793	0.16628915578994719	0.1727051919698228	0.08315397364728477	0.07119515432949075	0.08178987304876643	0.09207107761579274	0.13500771582888635	0.05257930518115785	0.22024607450152964	0.1458023776669411
YALI0C22682g	0.20333333333333334	0.45333333333333337	0.10166666666666667	0.45999999999999996	0.34833333333333333	0.04666666666666667	0.42	0.315	0.19000000000000003	0.11666666666666665	0.06499999999999999	0.03166666666666667	0.050083264004389075	0.0776745346515403	0.041932485418030414	0.11135528725660047	0.05575242894559243	0.011547005383792512	0.08321658488546622	0.12165525060596435	0.0692820323027551	0.05619905100029121	0.0304138126514911	0.012583057392117913
YALI0C24101g	15.056666666666667	55.26666666666667	25.221666666666668	8.135	24.888333333333335	2.7899999999999996	8.588333333333333	19.41	5.843333333333334	14.961666666666666	18.488333333333333	19.555	1.4345760116959059	6.628084816395562	3.382382050173121	2.2937469346028565	4.897104586726052	0.057662812973353815	0.8170883265188245	3.779494013753692	1.1242590152332923	1.7708072547099352	3.5344212161729276	2.1231815749012153
YALI0D02321g	0.045000000000000005	0.11333333333333333	0.045000000000000005	0.94	0.07666666666666666	0.021666666666666667	0.26999999999999996	0.25666666666666665	0.04	0.045000000000000005	0.03833333333333334	0.04	0.008660254037844392	0.046457866215887836	0.005	1.4723195984568025	0.02254624876411447	0.00288675134594813	0.1719738352191984	0.2942929379603481	0.008660254037844387	0.008660254037844381	0.005773502691896255	0.010000000000000002
YALI0D04741g	4.11	7.858333333333333	7.87	12.551666666666668	5.195	1.5666666666666664	7.385000000000001	7.706666666666668	5.6499999999999995	3.155	4.491666666666667	3.4933333333333336	0.6576663287716654	0.8518998376178579	0.21077238908357948	7.336520519519681	0.3231485726411309	0.3300505011863083	1.3240940298936483	0.9297087357518664	2.1938493567243857	0.36321481247328	0.5480039537570272	0.6652129984699139
YALI0D06303g	22.60166666666667	65.16333333333334	32.40333333333333	35.64	58.31333333333333	7.773333333333333	32.86333333333334	72.24499999999999	36.901666666666664	18.871666666666666	16.088333333333335	10.388333333333334	3.078267911234063	8.807971294988043	5.463589326929073	3.8445513392332265	8.937563053390637	0.5201281893277206	4.494469749963096	7.6236031507417765	9.520348382981231	3.484915111352547	2.5994438507752644	0.7638771716273055
YALI0D07634g	42.98666666666667	174.12833333333333	88.665	41.526666666666664	196.79000000000005	25.94	44.87	275.2783333333333	49.52833333333333	92.44666666666667	176.47333333333333	66.11833333333333	1.7685893625523512	7.314660507045647	11.344960334879993	12.20290266015973	39.329766399001166	3.170047318258829	7.298905739903753	33.39342050963533	5.954830672095832	29.098228611606814	15.781750800634669	1.3116814908099197
YALI0D09361g	74.44666666666667	85.48833333333333	135.20166666666668	69.83166666666666	85.14999999999999	43.68833333333333	56.69	74.92333333333333	54.48166666666666	50.93833333333333	39.193333333333335	61.47666666666667	8.969930787544204	9.523644697978467	23.647860544525646	14.103795883851035	20.96255948113208	1.4076250684515823	4.74462063815433	6.516683077558204	1.7037996752357167	6.203938936944279	7.773765711245315	3.077224127900551
YALI0D11374g	13.586666666666666	18.021666666666665	27.291666666666668	18.163333333333338	12.238333333333335	15.76	14.274999999999999	9.156666666666668	16.088333333333335	12.086666666666666	8.763333333333334	23.24	0.5182743803559392	3.0787226788610473	4.374146583430116	0.6219793672890864	1.5995416010011556	0.5073706731769209	1.6287955672827692	1.7302047085051333	3.0089048395277187	1.1811893723418498	1.128121595101047	2.395266164750798
YALI0D12400g	2.13	3.8600000000000008	0.5816666666666667	22.323333333333334	4.108333333333333	0.12166666666666666	13.89	9.413333333333332	1.2383333333333335	1.0250000000000001	0.19499999999999998	0.13166666666666665	1.136177802986839	1.4970971912337556	0.21507750540987156	25.99209126510088	2.1544972344687134	0.020816659994661337	5.7346599724831115	8.513865651590548	0.7477020351271845	0.8797869060175878	0.09178779875342907	0.05251983752196241
YALI0D12628g	0.2966666666666667	0.48833333333333334	0.7666666666666666	0.3033333333333333	0.345	0.3316666666666667	0.27333333333333326	0.24833333333333332	0.27	0.19166666666666665	0.26666666666666666	0.5466666666666667	0.035472994422987916	0.06825198409814424	0.2025668613898466	0.07005949852327906	0.05074445782546109	0.033291640592396955	0.007637626158259743	0.014433756729740656	0.12489995996796797	0.0028867513459481273	0.05530220007679019	0.010408329997330632
YALI0D13024g	0.049999999999999996	0.165	0.04	0.48666666666666664	0.17666666666666667	0.03166666666666667	0.275	0.42	0.041666666666666664	0.043333333333333335	0.03333333333333333	0.061666666666666675	0.010000000000000002	0.11258330249197704	0.01802775637731994	0.5619237789356608	0.03055050463303895	0.007637626158259728	0.1116915395184434	0.385	0.015275252316519465	0.018929694486000914	0.007637626158259734	0.018929694486000917
YALI0D15334g	0.785	1.3916666666666666	1.5516666666666665	0.86	1.0483333333333336	0.9066666666666667	0.7116666666666666	0.7816666666666666	0.875	0.7033333333333333	0.8649999999999999	1.0833333333333333	0.0705336798983295	0.2330414841467788	0.31001344056884594	0.1915724406066802	0.19367068268928414	0.1150362261782494	0.06751543033509706	0.045368858629387346	0.2864873470155358	0.111504857891185	0.15173990905493523	0.08892881047969403
YALI0D16357g	9.953333333333333	17.836666666666662	14.581666666666669	10.441666666666666	17.808333333333334	6.486666666666667	9.819999999999999	19.873333333333335	11.336666666666668	9.761666666666668	15.069999999999999	11.285000000000002	2.724928133608909	2.135101480804446	1.960920277148803	2.088602004531579	5.051362027545971	0.2718608712803906	1.077926249796341	0.3911627964586278	1.4720422321840272	1.365341837538619	3.2293149428323034	0.36273268394232255
YALI0D16753g	91.13833333333334	202.98833333333334	142.55666666666667	117.23666666666668	315.02	53.72166666666667	122.95333333333333	357.76833333333326	129.54833333333332	130.45	123.15333333333332	73.86166666666666	3.5900290156673296	12.51131621106801	16.74562355761448	11.583579253984212	103.38677720095542	4.591757107397276	8.827596407478852	94.98650132167904	12.47180052491754	21.518865560247352	27.80948324462958	1.3999315459454926
YALI0D19140g	7.918333333333333	9.186666666666666	8.416666666666668	2.141666666666666	6.664999999999999	0.325	2.651666666666667	6.359999999999999	5.661666666666666	3.0316666666666663	1.5199999999999998	0.8183333333333334	0.9202218935307577	2.5218858684193726	1.8652234003821997	1.244892900346585	4.384937285754495	0.1322875655532295	0.27451472334527544	0.3994996871087634	7.297988307289436	0.6536308846232203	0.5543464620614078	0.1957251474219226
YALI0D20482g	0.25499999999999995	1.005	0.39666666666666667	0.2583333333333333	0.35250000000000004	0.18499999999999997	0.18416666666666667	0.42083333333333334	0.23833333333333337	0.22583333333333333	0.5108333333333334	0.3758333333333333	0.15787653403846946	0.3594353210245203	0.10308774579615818	0.08401388774085705	0.07454025757937786	0.006614378277661483	0.021842237370135267	0.020052015692526563	0.045092497528228956	0.06043246919771961	0.1245324589548176	0.037610946987989224
YALI0D20768g	17.968333333333334	33.185	51.89333333333334	37.218333333333334	18.541666666666668	38.518333333333324	24.223333333333333	25.040000000000003	25.22666666666667	17.525	24.466666666666665	39.998333333333335	1.3826996540584406	5.463407819301062	13.59939919016033	1.8441280685823689	2.616841289290074	1.5719759328098297	3.1884962495404214	5.837116154403646	6.796959491812008	0.48002604096027823	0.7484873635094538	1.022158663482993
YALI0D23397g	26.273333333333337	36.763333333333335	61.89833333333333	29.22666666666667	31.98833333333333	28.936666666666667	24.016666666666666	28.19	32.90833333333334	21.92833333333333	21.16	50.913333333333334	1.368158738353607	3.8415242200633513	8.157267209876931	4.736048810277755	5.3795198050879325	2.008060839051776	1.7938947386436384	1.8724048707477767	6.8171664445965625	1.890035273039456	4.745000000000001	5.647143820847251
YALI0D23683g	67.03833333333333	173.63166666666666	41.095000000000006	235.42999999999998	113.86500000000001	19.596666666666668	185.765	162.07500000000002	52.251666666666665	53.05500000000001	20.213333333333335	24.933333333333334	23.312068941501806	43.11737884349339	7.3211491584313455	108.25650800298335	28.59694345555133	0.17214335111567108	53.25141993412005	80.25118519374028	21.01270587842826	20.95656997220681	5.609644225201214	2.4707303238786156
YALI0D24431g	132.49499999999998	158.49833333333336	198.45666666666668	194.045	98.38666666666666	174.03333333333333	128.275	105.07166666666666	141.56333333333333	112.84499999999998	69.84500000000001	171.93666666666664	12.35694541543339	15.22533442435119	34.23004869019812	24.098320999604923	38.72339129432406	3.8753881526027008	12.51862512418995	18.50905274003327	60.9825387576914	14.845153249461578	11.958102901380302	10.32751704589894
YALI0E00638g	130.285	102.58166666666666	91.93833333333333	128.38833333333332	140.89166666666668	8.171666666666667	132.10666666666668	148.475	64.815	93.61166666666668	68.39999999999999	38.155	8.552144467909777	17.337700491510798	12.457564301794044	4.227896443071111	41.44588349080441	1.0390540569832416	11.386844748802599	3.5783760283122716	36.124995847750625	6.5325460835215985	12.894455203691244	4.25187017675752
YALI0E02090g	8.298333333333334	16.31	9.660000000000002	18.436666666666667	18.925	4.32	14.188333333333334	23.945000000000004	8.32	6.413333333333333	6.829999999999999	3.986666666666667	1.0691858273159687	1.4094413787029245	0.7900000000000008	4.671285511862163	1.6572643120516406	0.30335622624235054	3.542747286123205	6.3560424007396294	1.4205984654363109	1.24294341517759	1.2487693942437887	0.3134618530751924
YALI0E02442g	0.042666666666666665	0.15333333333333332	0.07466666666666666	0.029333333333333333	0.05933333333333333	0.046000000000000006	0.049999999999999996	0.08666666666666667	0.044000000000000004	0.05000000000000001	0.11133333333333335	0.06333333333333334	0.007571877794400367	0.03189566323708183	0.02386070689089772	0.008326663997864534	0.013012814197295422	0.009165151389911683	0.014000000000000004	0.015534906930308071	0.02433105012119287	0.010000000000000009	0.07414400402819729	0.02773685875028629
YALI0E02684g	47.72	48.25833333333333	89.10166666666667	67.67666666666666	82.78666666666668	40.32333333333333	60.51500000000001	88.89999999999999	68.75166666666667	34.35	33.538333333333334	51.346666666666664	9.24437531691569	6.856158423879466	7.409470853801452	19.880591247076467	40.31338187665895	1.738543451666746	7.7189361313590465	20.30791963742224	16.949784905223236	3.861913385874936	5.5608594959172715	3.609585617953016
YALI0E03212g	0.8116666666666666	9.475	0.5716666666666667	2.8533333333333335	2.8800000000000003	0.10000000000000002	2.775	3.9633333333333334	0.9916666666666666	1.3866666666666667	0.8966666666666665	0.2133333333333333	0.3642229170897039	2.795496378105327	0.1674315780649914	1.3104038817606325	0.9918165152889925	0.027838821814150108	0.6934154598795732	2.3888194434350485	0.3891122374499848	1.3401616817881838	0.29758752213984596	0.07112196097783956
YALI0E03410g	0.1922222222222222	0.08888888888888889	0.36666666666666664	0.2288888888888889	0.06333333333333334	0.13555555555555557	0.16	0.05666666666666667	0.1466666666666667	0.08222222222222224	0.12555555555555553	0.2544444444444445	0.011706281947614186	0.013877773329774218	0.043333333333333356	0.024113927126900785	0.0033333333333333375	0.01261979632400061	0.005773502691896247	0.005773502691896256	0.027284509239574827	0.010183501544346307	0.009622504486493735	0.008388704928078626
YALI0E05137g	32.43666666666667	71.0	65.535	43.623333333333335	58.09166666666666	44.126666666666665	34.053333333333335	57.84166666666666	53.65833333333333	30.973333333333333	30.51833333333333	34.775	1.3631061342879118	9.09535458352229	6.894434349531508	7.462074666829148	13.91394025189606	1.2190604305502406	1.6960124802999927	5.857261163148975	3.8210088109468328	4.234041607416408	5.089799439401646	1.8240545496229008
YALI0E05555g	0.08333333333333333	0.25833333333333336	0.23833333333333337	0.08333333333333333	0.19333333333333336	0.09833333333333334	0.07666666666666666	0.2416666666666667	0.11166666666666668	0.075	0.17499999999999996	0.19499999999999998	0.010408329997330658	0.06331139971074193	0.05057996968497837	0.017559422921421226	0.07653975002136691	0.024664414311581236	0.011547005383792512	0.06429100507328636	0.045368858629387325	0.018027756377319935	0.027838821814150098	0.0492442890089805
YALI0E06479g	52.68333333333334	119.63166666666666	128.28	45.916666666666664	54.254999999999995	42.153333333333336	34.324999999999996	46.81999999999999	54.845	73.03000000000002	94.435	127.32	5.655283665151851	10.688077859621595	16.4633137612086	9.068881316531455	7.079004167254039	2.514251048191758	3.4689948111808975	9.96991349009609	7.19940796177019	1.1147981880143145	10.418592755262102	11.686788481015643
YALI0E07942g	0.6033333333333333	0.9683333333333334	0.9066666666666666	0.77	0.58	0.535	0.5916666666666667	0.4283333333333334	0.48666666666666664	0.5983333333333335	0.085	0.024999999999999998	0.046457866215887926	0.12887332281482208	0.12473304828045105	0.07794228634059949	0.11269427669584643	0.013228756555322943	0.05507570547286101	0.09251126057585281	0.18790511790085265	0.0922406273468114	0.01802775637731995	0.005
YALI0E09603g	28.3	21.281666666666666	45.53666666666666	29.656666666666666	13.288333333333334	15.408333333333333	19.450000000000003	16.128333333333334	23.35166666666667	13.058333333333335	31.015	69.91000000000001	3.0531582009453753	3.360447638832263	7.646347712034375	3.670266793209088	1.1934438961816893	1.1948465731353675	1.1580479264693648	1.324616296643421	5.097951385932721	2.8421925222147317	5.027770380596156	6.653027506331241
YALI0E11099g	29.385	31.816666666666666	51.70166666666666	49.245000000000005	33.39166666666667	21.698333333333334	37.17166666666667	34.09166666666667	36.745	30.53833333333333	26.893333333333334	32.6	0.8875105633174152	4.253120423093301	4.451152472487697	3.0138057336198707	8.471181047134657	1.4380658306674738	2.5693400579396557	3.9260104856372062	9.811274127247698	3.9995760191967036	5.296353305183986	1.1505216208311797
YALI0E11671g	0.21666666666666665	0.7183333333333333	0.8416666666666665	0.30333333333333334	0.9199999999999999	0.47	0.22666666666666668	1.575	0.5033333333333334	0.21666666666666665	1.1566666666666667	0.6266666666666666	0.027537852736430512	0.16600702796367783	0.2322893310794392	0.02254624876411448	0.10404326023342401	0.07937253933193777	0.0732006375199925	0.35679125549822543	0.1682508048519631	0.04252450274057692	0.2807282196953724	0.12741009902410927
YALI0E12463g	0.12833333333333333	0.4583333333333333	0.125	0.9933333333333335	0.425	0.030000000000000002	0.5716666666666667	0.6633333333333332	0.16166666666666665	0.13333333333333333	0.07666666666666666	0.06499999999999999	0.06788470618138766	0.1713427364475464	0.043588989435406726	0.26764404221527766	0.18255136263528687	0.013228756555322952	0.21807873196011884	0.4163331998932265	0.07973915809270457	0.08401388774085705	0.03818813079129866	0.03499999999999998
YALI0E14190g	220.67500000000004	265.7066666666667	395.12833333333333	370.5316666666667	307.59833333333336	247.58333333333334	301.41333333333336	472.54833333333335	376.06166666666667	177.835	366.5083333333334	512.8283333333333	1.4980570750141606	34.05721888723933	44.05549691393046	47.587662616830976	18.615272179942284	13.449890643917282	30.201325026119836	40.08805630525549	27.025856292323716	13.524301275851547	64.45790047258241	14.325566597288068
YALI0E15488g	0.4216666666666667	0.815	0.5683333333333334	0.47833333333333333	0.7300000000000001	0.25666666666666665	0.4033333333333334	0.8616666666666667	0.41	0.3116666666666667	0.5733333333333334	0.43500000000000005	0.08693867570496652	0.102591422643416	0.042524502740576876	0.12096831541082702	0.15256146302392362	0.012583057392117954	0.060277137733417085	0.10396313449167126	0.06144102863722254	0.002886751345948099	0.0825126252965771	0.05220153254455274
YALI0E15708g	46.53333333333333	49.153333333333336	36.04666666666667	28.39	17.478333333333335	1.2233333333333334	30.463333333333335	26.228333333333335	15.201666666666666	22.096666666666668	7.565	3.1316666666666664	7.857571719897522	3.8448287781555806	10.503543846404096	7.369647210009442	2.210397777173451	0.29624033036258474	6.299851850109917	7.210772034486551	5.8117216324711665	3.2301289963921476	1.555763478167553	0.8114236460279755
YALI0E16236p	0.03888888888888889	0.05444444444444444	0.08666666666666668	0.04111111111111112	0.03888888888888889	0.06777777777777778	0.04	0.0488888888888889	0.04777777777777777	0.04111111111111112	0.06555555555555555	0.06555555555555555	0.006938886664887111	0.016777409856157225	0.025166114784235843	0.01503083250940965	0.010183501544346307	0.005091750772173162	0.01452966314513558	0.005091750772173154	0.006938886664887104	0.001924500897298755	0.01387777332977422	0.008388704928078618
YALI0E16577g	0.1388888888888889	0.1688888888888889	0.18000000000000002	0.22222222222222224	0.20222222222222222	0.05777777777777778	0.16444444444444442	0.18333333333333335	0.15000000000000002	0.17555555555555555	0.15222222222222223	0.11333333333333333	0.015030832509409653	0.05419443732558755	0.01527525231651948	0.009622504486493773	0.05872093449655029	0.008388704928078607	0.006938886664887075	0.04666666666666666	0.02645751311064591	0.02219442706159801	0.043376047324318094	0.01666666666666665
YALI0E16929g	55.53666666666666	28.72666666666667	87.22333333333334	81.48333333333333	25.994999999999994	58.04	58.27166666666667	23.06833333333333	56.13666666666668	37.17	12.868333333333334	44.48	4.012712092006271	3.1673108993803143	9.426040172486706	12.874340112539098	4.9548789087120975	1.3371331272539766	3.935499756490063	1.8981723666025039	15.99505340201568	6.284542545006755	3.5209385585853865	3.445152391404478
YALI0E18634g	0.15166666666666664	1.0033333333333332	0.2733333333333334	0.06333333333333334	0.09333333333333334	0.043333333333333335	0.3083333333333333	1.1483333333333334	0.17333333333333334	0.1366666666666667	0.33	0.12666666666666668	0.007637626158259748	0.1775058684475906	0.024664414311581253	0.029297326385411576	0.0028867513459481303	0.007637626158259732	0.08251262529657709	0.5667965537415816	0.04804511768466524	0.0202072594216369	0.04272001872658765	0.007637626158259737
YALI0E22649g	4.16	5.326666666666667	8.891666666666666	3.84	2.7283333333333335	3.3466666666666662	2.858333333333333	3.138333333333333	2.5866666666666664	0.051666666666666666	0.051666666666666666	0.049999999999999996	0.251346374551136	0.5124532499002556	1.0452790695949734	0.36989863476363344	0.5275493657785342	0.2002706502045004	0.28347545455177137	0.1993949180228354	0.40349514660443364	0.018929694486000914	0.015275252316519463	0.01322875655532295
YALI0E24013g	33.31333333333333	24.19333333333334	23.325	70.42666666666666	18.883333333333333	8.138333333333334	44.88833333333334	29.23333333333333	32.20666666666667	25.58833333333334	16.126666666666665	13.618333333333334	2.6976718357378746	2.4163522784009266	2.205515812684187	17.891334727552707	1.8962880407083018	0.8402430204014383	5.618483632914966	6.970466866238827	6.808021616691101	2.7097247707716283	0.8328465244769496	1.2438280963755937
YALI0E24937g	0.7016666666666667	1.4383333333333332	1.0066666666666666	0.9750000000000001	1.61	0.4983333333333333	0.5533333333333333	1.2916666666666665	0.84	0.5783333333333333	0.9066666666666666	1.7416666666666665	0.21507750540987153	0.2083466662400274	0.14145081595145828	0.017320508075688787	0.07697402159170319	0.05923118547972289	0.027537852736430453	0.3911627964586271	0.2066397831977183	0.012583057392117855	0.1894949427645322	0.19185497995447856
YALI0E26004g	50.041666666666664	49.156666666666666	84.84666666666668	74.17666666666668	67.80333333333334	63.33166666666667	73.81166666666667	118.93333333333332	77.515	57.04833333333334	64.08	76.45666666666666	3.3852781766545172	5.6090247221182175	9.588269308552688	15.490731368574359	4.193376722086075	1.6095133840180822	15.818100655051275	29.704628146693462	9.610353791614541	5.555003000299221	9.257143187830684	4.642397907690946
YALI0E27005g	18.330000000000002	49.14000000000001	36.66833333333333	43.865	37.38333333333333	16.82166666666667	31.22333333333334	63.470000000000006	23.895	21.281666666666666	39.56166666666667	35.71833333333333	0.7373601562330279	7.8774472387950665	5.362453574002606	35.23808025417957	2.9974252840284965	1.165357598908305	8.984733347925989	26.681186255487216	3.363506354981361	2.231537213073836	6.268632891893842	2.436207777126849
YALI0E27742g	0.6683333333333333	2.1233333333333335	1.2283333333333333	0.35333333333333333	0.5466666666666667	0.5016666666666667	0.31666666666666665	0.49000000000000005	0.4466666666666667	0.5566666666666668	0.915	1.295	0.07973915809270461	0.18502252115170573	0.12770408502993674	0.01258305739211787	0.11514483632943914	0.22407216099581262	0.050083264004389054	0.08674675786448739	0.18770544300401454	0.1861003313627715	0.266270539113887	0.19000000000000006
YALI0E29667g	7.493333333333333	13.181666666666667	13.001666666666665	7.8500000000000005	8.338333333333333	4.161666666666666	7.965000000000001	5.8549999999999995	8.975	6.601666666666667	3.6599999999999997	9.268333333333333	0.964589722801013	2.938751151991834	2.040112333508461	2.0398345521144594	0.48878250105065474	0.4016320870315685	0.7882258559575422	0.9993622966672298	1.1803389343743604	0.5169461609619835	0.44395945760846217	0.4915367059877969
YALI0E30547g	0.1544444444444444	0.21777777777777776	0.2733333333333334	0.16666666666666666	0.20666666666666667	0.16	0.14444444444444446	0.13333333333333333	0.15222222222222223	0.14666666666666664	0.1311111111111111	0.21000000000000005	0.010715167512214395	0.02143033502442878	0.06691619966628243	0.03282952600598701	0.07125852775477318	0.043588989435406726	0.031505437508350755	0.02027587510099408	0.05210388483419271	0.024037008503093274	0.041677776296691206	0.03527668414752788
YALI0E33517g	36.515	18.248333333333335	57.845	65.125	11.248333333333335	31.018333333333334	36.62166666666667	10.881666666666666	30.436666666666667	47.13499999999999	11.838333333333333	59.39666666666667	3.6699489097261337	1.6574780038761687	9.56777534226217	34.33692473125688	2.452398485836537	2.029638719903948	6.535098188499801	3.9342544825332957	10.884018482772499	9.67615109431431	2.6446187500910847	3.6074448482732655
YALI0E34793g	14.545000000000002	31.781666666666666	39.086666666666666	37.65833333333334	20.496666666666666	17.188333333333333	18.52333333333333	26.298333333333332	18.076666666666664	11.709999999999999	16.946666666666662	37.108333333333334	4.436628787717088	2.1924890725687374	7.516198063737629	31.3435186016716	10.921074046692171	1.112995208135837	4.030497281146998	2.919470557024567	7.722788248640081	0.8671216754296942	1.661003712618769	2.632566871578635
YALI0F00506g	12.881666666666668	50.663333333333334	64.72500000000001	16.776666666666667	28.051666666666666	12.676666666666668	14.24	33.19166666666666	25.703333333333333	5.13	16.448333333333334	32.535000000000004	1.6991640101336105	5.944855619216782	6.180778672626935	1.9370875905165816	3.405584873899538	0.589434757486641	1.9150195821453118	6.6393605364773896	4.449722837810612	0.5171798526624958	1.9501367473419242	1.3382918216891257
YALI0F04095g	0.04	0.11666666666666665	0.2833333333333333	66.35000000000001	21.573333333333334	52.923333333333325	47.326666666666675	26.948333333333334	53.76166666666666	24.016666666666666	27.55	62.56666666666667	0.014999999999999994	0.055075705472861024	0.08129165598838133	10.853003040633498	7.280591207679037	2.5886595630428735	9.157811328769192	2.190800842918712	5.310615155830193	2.7130256787087994	4.022092117294184	2.2824456912122457
YALI0F05214g	118.51833333333333	182.29666666666665	158.14	128.295	216.03166666666667	74.96	127.165	224.17	115.91666666666667	129.29666666666665	126.17	101.72166666666665	8.07092673324031	13.15435035770804	11.114147515666703	23.084248417481575	44.527834646806426	7.99581296679707	22.048675130265757	67.00258968875757	7.4715014109169084	18.598445051491076	22.086969574842072	9.716298592228062
YALI0F05962g	55.23499999999999	135.08	108.79166666666667	31.12833333333333	133.07166666666666	19.168333333333333	27.456666666666667	107.41166666666668	54.595	29.685000000000002	48.89666666666667	79.58666666666666	4.181336508821074	37.19167951303086	15.305394746080003	12.731097098574551	66.96853782436445	0.740782244207657	3.993952720467947	23.007695632838438	35.35904728637354	7.700579523646259	11.512823647278429	6.59669677439651
YALI0F07711g	98.55499999999999	266.8483333333333	173.75333333333333	199.38166666666666	233.205	93.85166666666667	163.03833333333336	239.295	157.56166666666664	181.60833333333335	262.3533333333334	195.6933333333333	13.318559419096346	2.762636120326661	20.538610793657224	14.17509200440454	34.45937209236406	7.7503698836464245	32.199457422964954	23.79119532516178	18.863837317294006	28.059278471360116	28.5483564909319	11.260739688552132
YALI0F07821g	7.043333333333333	10.336666666666668	8.443333333333333	7.44	8.679999999999998	3.8883333333333336	4.791666666666666	10.651666666666667	5.95	4.776666666666667	8.743333333333334	8.27	0.5639222759683584	0.5610778317963867	0.8304567016607992	0.8025116821579612	1.63255168371479	0.27442363843760487	0.7702164198024688	0.691309144546297	0.321052955133573	0.11139269874337947	1.0170340866132912	0.8227393268830651
YALI0F09185g	69.745	194.23000000000002	169.97	85.56166666666667	106.36000000000001	109.17	58.910000000000004	75.11666666666666	95.29	45.42833333333334	68.97333333333334	96.96166666666666	6.94900712332344	16.79848505074194	25.70402108620363	20.322555408543813	14.96507935161054	2.8219142439131604	4.863689443210783	19.137230947379333	32.29687910619229	7.275930066550482	12.740188708701822	9.410235562053339
YALI0F10923g	0.3283333333333333	0.3983333333333334	0.5866666666666666	0.455	0.34333333333333327	0.43166666666666664	0.3183333333333333	0.3	0.3466666666666667	0.2983333333333334	0.44	0.37999999999999995	0.03329164059239697	0.04536885862938736	0.0797391580927046	0.06062177826491071	0.060069404303133664	0.023094010767585035	0.04041451884327383	0.08544003745317531	0.07421814692737444	0.05838093296045659	0.04769696007084729	0.04769696007084727
YALI0F11979g	1.692222222222222	4.131111111111111	2.701111111111111	1.0777777777777777	3.577777777777778	0.52	1.5255555555555553	3.318888888888889	0.9355555555555556	1.9766666666666668	3.227777777777778	2.5944444444444446	0.18458160897112802	0.12098362301169918	0.28292781437700354	0.030792014356779984	0.5463040802960822	0.057831171909658294	0.06710963942462903	1.1023728615699528	0.16303828225751607	0.46231302526895474	0.41705759438839796	0.3145425838213912
YALI0F15587g	11.891666666666666	51.87166666666667	23.36	36.22	31.231666666666666	6.458333333333333	28.361666666666668	68.38333333333334	13.685	35.165	90.47499999999998	43.30333333333334	1.5434728158711877	12.353904578445357	2.4524630476319116	35.96859984764489	8.064750977763255	0.15591129956912553	11.858748177330243	44.597725932308855	1.6910869285758192	7.632658449059543	9.720070730195335	2.687044535048372
YALI0F16819g	1446.7333333333333	2668.18	2559.1949999999997	2054.616666666667	2670.2333333333336	1459.1666666666667	1840.448333333333	2838.375	2071.3349999999996	1656.5533333333333	2156.8733333333334	1581.8616666666667	270.8395293034849	255.91291863639876	299.6847688822375	61.14948432598047	307.8606545311258	59.527502957316585	387.82590489591234	400.5702084529001	199.53321885089727	100.06504751077335	207.8653148274946	90.34286985331681
YALI0F17820g	33.31166666666667	99.87333333333333	105.855	76.83666666666666	91.46666666666668	67.46	58.99333333333334	113.25	71.59833333333334	27.84166666666667	47.82333333333333	49.89833333333333	1.065719631673046	9.743626549356932	14.208999788866205	17.211926339992658	10.303790969023652	5.230250950002313	12.127932978596698	27.592180051601588	20.76325921750565	1.1142299283959889	13.635513680581798	2.671059402808815
YALI0F17886g	0.22555555555555554	0.648888888888889	0.8622222222222223	0.20222222222222222	0.39222222222222225	0.3522222222222222	0.16666666666666666	0.1811111111111111	0.29444444444444445	0.15222222222222223	0.31888888888888894	0.53	0.03168128317640723	0.07065828042482061	0.09968468807714173	0.06076670628389029	0.10329748482112415	0.05718715214425674	0.005773502691896267	0.026736020923368808	0.1376522725862096	0.05347204184673762	0.09558784984001394	0.1781697068652369
YALI0F20702g	36.583333333333336	90.16666666666667	62.001666666666665	56.365	48.60666666666666	32.18833333333333	43.74	57.696666666666665	35.81333333333333	32.75666666666667	44.940000000000005	48.748333333333335	2.3172846897464625	9.187048401599576	6.920585837436981	5.447230947922072	6.8358345016050075	0.9346166772176369	6.456336035244756	5.606158072453308	7.278032586718289	1.4413564213383636	6.506014525037592	1.29180429374319
YALI0F30679g	0.5099999999999999	1.0383333333333333	1.0766666666666667	0.6083333333333334	1.2483333333333333	0.3716666666666666	0.5583333333333332	1.3883333333333334	0.6466666666666666	0.795	1.07	0.6849999999999999	0.03041381265149109	0.11846237095944583	0.21226948281213986	0.07023769168568486	0.17097758137642893	0.07653975002136688	0.09305016568138574	0.11814539065631528	0.030550504633038992	0.07088723439378912	0.34347488991191194	0.07365459931328121
YALI0F30811g	0.49333333333333335	1.2433333333333334	0.915	0.5433333333333333	1.595	0.5966666666666667	0.5566666666666668	1.8983333333333332	0.8633333333333333	0.3033333333333333	0.9733333333333333	1.035	0.0325320354932386	0.17039170558842734	0.11258330249197705	0.15217862311551297	0.4044749683231338	0.046457866215887836	0.1136148464476952	0.5350311517410302	0.09609023536933048	0.04804511768466521	0.15184970639857465	0.0433012701892219
